linearSVM, emojis:

C: 0.05

Accuracy: 0.9570503391659729
Precision: 0.0159346074249423
Recall: 0.016469901863164806
F1: 0.012111108463595172
